0 480 161
1 187 49
2 54 161
3 439 338
4 51 285
5 95 289
6 119 320
7 118 357
8 445 45
9 444 376
10 380 25
11 435 303
12 66 283
13 370 231
14 206 267
15 167 499
16 110 375
17 114 109
18 167 14
19 142 56
20 406 480
21 168 392
22 413 116
23 353 49
24 398 439
25 73 448
26 327 491
27 78 205
28 223 278
29 53 173
30 435 379
31 143 276
32 206 405
33 194 40
34 188 111
35 208 85
36 357 267
37 383 256
38 200 366
39 245 17
40 486 219
41 293 113
42 376 458
43 460 165
44 100 131
45 47 189
46 230 131
47 126 304
48 58 460
49 241 419
50 141 185
51 480 257
52 254 406
53 191 373
54 152 130
55 6 249
56 130 22
57 112 5
58 430 88
59 83 413
60 479 384
61 266 178
62 295 56
63 184 230
64 318 359
65 177 54
66 440 205
67 96 65
68 200 350
69 32 261
70 36 69
71 251 469
72 312 451
73 238 227
74 489 327
75 62 267
76 272 307
77 318 469
78 70 399
79 113 206
80 62 297
81 81 331
82 154 290
83 150 12
84 354 313
85 403 324
86 153 295
87 437 451
88 311 392
89 70 447
90 81 20
91 299 38
92 463 247
93 287 118
94 132 187
95 280 452
96 352 318
97 256 226
98 41 59
99 18 277
100 361 381
101 422 464
102 191 456
103 415 291
104 57 255
105 96 343
106 377 475
107 130 190
108 313 142
109 38 296
110 291 332
111 327 478
112 437 42
113 83 445
114 135 235
115 270 135
116 496 175
117 347 228
118 354 405
119 185 322
120 190 263
121 84 258
122 449 352
123 56 148
124 338 133
125 196 169
126 441 174
127 453 361
128 310 88
129 448 453
130 195 223
131 456 336
132 350 34
133 374 101
134 282 121
135 111 101
136 135 419
137 48 342
138 157 479
139 435 209
140 288 149
141 319 290
142 14 370
143 139 434
144 231 5
145 353 96
146 136 445
147 441 274
148 425 266
149 228 32
150 470 375
151 390 135
152 409 272
153 464 330
154 454 455
155 421 365
156 234 153
157 267 129
158 140 76
159 238 68
160 331 334
161 252 195
162 165 168
163 168 42
164 215 179
165 135 424
166 410 429
167 247 352
168 186 181
169 176 76
170 320 142
171 431 334
172 269 190
173 253 457
174 418 240
175 215 277
176 16 132
177 350 24
178 52 318
179 138 317
180 329 358
181 271 251
182 85 104
183 207 113
184 21 340
185 180 341
186 308 82
187 98 321
188 436 119
189 438 241
190 343 97
191 90 126
192 22 368
193 280 413
194 269 63
195 292 186
196 363 414
197 420 390
198 396 274
199 385 422
200 29 199
201 385 224
202 114 233
203 48 119
204 252 374
205 273 476
206 459 155
207 34 134
208 87 146
209 181 442
210 441 157
211 205 154
212 358 324
213 209 413
214 206 58
215 251 237
216 372 266
217 71 47
218 310 31
219 221 267
220 489 208
221 362 21
222 446 256
223 423 128
224 89 342
225 378 56
226 263 323
227 173 209
228 413 368
229 358 430
230 334 419
231 201 322
232 470 406
233 371 223
234 238 444
235 284 456
236 87 150
237 23 427
238 67 382
239 323 443
240 96 243
241 267 483
242 69 313
243 231 373
244 355 422
245 55 260
246 229 297
247 252 75
248 378 238
249 99 426
250 285 435
251 32 193
252 398 473
253 84 332
254 114 320
255 162 358
256 65 273
257 287 34
258 399 332
259 164 492
260 226 344
261 274 364
262 292 37
263 223 194
264 335 390
265 373 233
266 207 453
267 465 399
268 122 209
269 200 103
270 62 141
271 149 498
272 440 191
273 39 391
274 82 252
275 88 90
276 237 389
277 380 52
278 206 230
279 271 265
280 157 222
281 253 5
282 386 141
283 139 330
284 463 109
285 378 288
286 64 110
287 376 226
288 193 18
289 192 224
290 308 86
291 110 278
292 250 380
293 118 391
294 316 206
295 406 266
296 97 401
297 82 75
298 320 334
299 205 223
300 398 476
301 182 362
302 323 47
303 89 102
304 168 367
305 245 143
306 427 95
307 146 142
308 187 309
309 153 202
310 338 393
311 374 192
312 316 321
313 307 358
314 41 313
315 23 387
316 128 334
317 362 31
318 253 412
319 454 101
320 174 93
321 376 403
322 479 415
323 487 135
324 192 447
325 54 373
326 315 103
327 495 221
328 257 130
329 132 172
330 390 212
331 380 72
332 148 267
333 426 128
334 103 348
335 364 52
336 84 328
337 35 192
338 150 79
339 480 173
340 171 414
341 200 444
342 93 203
343 317 317
344 106 335
345 270 30
346 447 247
347 147 46
348 142 364
349 249 360
350 255 498
351 278 464
352 251 368
353 215 302
354 222 320
355 114 80
356 80 436
357 412 170
358 57 256
359 443 230
360 271 209
361 261 404
362 184 363
363 269 369
364 394 424
365 404 273
366 200 76
367 379 234
368 155 232
369 376 74
370 361 113
371 25 102
372 245 478
373 387 248
374 212 23
375 42 263
376 149 287
377 220 461
378 117 286
379 100 163
380 397 268
381 131 82
382 331 352
383 191 139
384 152 268
385 276 430
386 442 299
387 107 367
388 158 488
389 225 312
390 377 466
391 250 267
392 221 297
393 411 449
394 276 118
395 189 250
396 218 192
397 142 152
398 316 228
399 376 184
400 496 363
401 342 241
402 341 229
403 32 191
404 57 358
405 370 63
406 387 236
407 283 80
408 116 453
409 112 318
410 91 54
411 193 427
412 97 158
413 188 358
414 112 173
415 405 138
416 401 241
417 63 61
418 74 452
419 224 110
420 75 400
421 333 173
422 348 186
423 275 133
424 481 97
425 343 440
426 444 311
427 16 177
428 146 290
429 67 294
430 183 492
431 387 176
432 359 76
433 280 212
434 192 387
435 327 173
436 189 206
437 288 379
438 58 385
439 240 238
440 99 463
441 19 380
442 455 277
443 220 326
444 476 276
445 94 166
446 301 47
447 361 194
448 159 310
449 441 213
450 362 217
451 184 146
452 145 456
453 171 154
454 345 49
455 49 150
456 51 110
457 160 95
458 156 192
459 213 353
460 404 254
461 423 397
462 23 405
463 44 364
464 230 252
465 190 96
466 366 352
467 89 265
468 56 265
469 121 288
470 455 252
471 25 309
472 253 202
473 394 170
474 160 206
475 82 47
476 168 496
477 359 439
478 127 409
479 100 175
480 297 246
481 45 369
482 315 358
483 46 432
484 436 467
485 323 257
486 379 21
487 192 452
488 10 264
489 40 205
490 221 282
491 188 165
492 213 486
493 287 83
494 47 385
495 54 104
496 69 29
497 438 39
498 345 423
499 445 208
500 218 349
501 375 236
502 475 218
503 165 7
504 364 78
505 44 91
506 233 32
507 153 239
508 429 61
509 329 250
510 419 260
511 114 62
512 108 99
513 301 156
514 297 120
515 459 397
516 101 443
517 100 414
518 185 439
519 304 227
520 284 152
521 451 369
522 214 368
523 423 29
524 70 155
525 461 155
526 298 141
527 285 376
528 454 209
529 187 459
530 315 146
531 47 407
532 473 292
533 470 107
534 57 107
535 137 136
536 201 117
537 269 172
538 327 42
539 34 440
540 358 333
541 95 448
542 254 205
543 145 124
544 43 109
545 365 392
546 251 400
547 359 77
548 205 307
549 231 386
550 180 326
551 290 13
552 335 55
553 176 436
554 409 320
555 188 280
556 167 413
557 116 134
558 110 371
559 144 376
560 97 248
561 410 201
562 459 415
563 172 336
564 283 392
565 55 430
566 168 12
567 132 410
568 269 154
569 184 163
570 53 351
571 175 354
572 169 187
573 126 466
574 230 415
575 106 390
576 373 443
577 415 57
578 276 465
579 443 179
580 72 330
581 118 323
582 109 355
583 305 376
584 31 345
585 358 1
586 231 98
587 216 329
588 418 60
589 40 53
590 23 126
591 426 194
592 179 261
593 466 350
594 155 214
595 99 369
596 433 177
597 353 188
598 42 52
599 402 435
600 12 375
601 137 65
602 395 436
603 320 22
604 494 322
605 67 440
606 280 77
607 370 48
608 447 52
609 117 411
610 378 257
611 305 375
612 354 264
613 91 173
614 381 251
615 366 91
616 165 478
617 255 155
618 160 337
619 226 363
620 428 107
621 419 31
622 253 207
623 11 134
624 440 427
625 18 140
626 11 152
627 494 312
628 68 417
629 136 293
630 61 301
631 111 148
632 123 425
633 294 434
634 402 488
635 247 317
636 87 171
637 46 104
638 301 425
639 469 287
640 288 272
641 497 122
642 373 66
643 457 368
644 312 462
645 178 389
646 219 325
647 421 193
648 372 55
649 127 163
650 235 35
651 471 321
652 158 408
653 359 459
654 93 47
655 192 73
656 69 196
657 410 43
658 187 94
659 105 58
660 269 18
661 55 211
662 178 460
663 109 106
664 174 337
665 246 362
666 252 468
667 26 153
668 381 157
669 397 463
670 154 347
671 184 345
672 348 435
673 212 211
674 191 267
675 402 437
676 98 160
677 464 158
678 360 49
679 24 291
680 263 92
681 137 387
682 431 331
683 448 167
684 426 234
685 297 294
686 103 488
687 213 131
688 342 32
689 346 169
690 14 384
691 184 124
692 56 310
693 392 491
694 489 191
695 491 292
696 218 154
697 282 365
698 397 132
699 306 472
700 57 417
701 143 239
702 19 82
703 263 416
704 144 228
705 46 305
706 213 377
707 384 21
708 236 230
709 347 353
710 328 43
711 220 159
712 22 96
713 361 310
714 191 32
715 122 371
716 388 106
717 244 264
718 168 223
719 341 80
720 40 137
721 129 393
722 224 145
723 185 269
724 278 389
725 276 108
726 471 167
727 341 443
728 373 219
729 159 121
730 385 392
731 459 158
732 76 384
733 389 18
734 341 69
735 160 494
736 24 266
737 179 100
738 362 354
739 395 159
740 150 183
741 68 123
742 229 397
743 105 42
744 285 254
745 70 92
746 37 73
747 380 176
748 82 449
749 282 24
750 175 213
751 485 215
752 219 170
753 87 377
754 307 215
755 426 313
756 108 140
757 372 22
758 73 94
759 457 341
760 197 82
761 290 135
762 73 145
763 57 292
764 136 456
765 171 450
766 138 287
767 99 477
768 495 140
769 323 472
770 367 316
771 181 282
772 356 398
773 141 125
774 110 132
775 351 229
776 395 195
777 327 129
778 471 140
779 16 269
780 400 307
781 306 333
782 118 417
783 408 377
784 145 2
785 134 196
786 428 216
787 73 271
788 454 77
789 375 240
790 166 123
791 122 388
792 244 329
793 217 137
794 264 343
795 452 109
796 326 181
797 447 51
798 330 390
799 296 234
800 443 284
801 266 497
802 307 174
803 95 310
804 241 21
805 70 243
806 302 446
807 141 496
808 191 107
809 156 362
810 412 44
811 413 101
812 241 121
813 491 237
814 433 384
815 128 195
816 123 251
817 430 227
818 76 480
819 359 203
820 140 248
821 437 264
822 42 267
823 437 110
824 40 270
825 302 154
826 208 243
827 399 386
828 135 213
829 186 314
830 319 284
831 196 489
832 350 397
833 289 188
834 55 67
835 270 385
836 355 430
837 389 282
838 368 326
839 213 134
840 175 76
841 183 82
842 375 140
843 226 316
844 365 86
845 122 214
846 134 237
847 442 163
848 113 438
849 69 54
850 298 102
851 205 427
852 6 347
853 96 59
854 355 239
855 413 120
856 125 204
857 365 39
858 440 337
859 13 393
860 195 278
861 158 69
862 325 450
863 47 192
864 283 244
865 38 230
866 269 315
867 180 470
868 330 319
869 387 418
870 399 31
871 63 326
872 137 148
873 116 402
874 195 148
875 10 260
876 110 362
877 351 265
878 229 34
879 2 260
880 368 55
881 137 37
882 210 335
883 213 282
884 308 461
885 286 414
886 387 68
887 366 175
888 89 375
889 193 224
890 432 83
891 287 495
892 273 393
893 195 176
894 170 59
895 292 101
896 155 85
897 8 249
898 55 363
899 431 113
900 265 50
901 311 353
902 392 493
903 242 172
904 172 328
905 472 407
906 74 337
907 351 21
908 203 381
909 96 71
910 266 454
911 232 405
912 365 422
913 41 295
914 471 404
915 250 366
916 16 184
917 58 208
918 286 255
919 375 243
920 457 196
921 94 82
922 280 406
923 119 205
924 33 67
925 58 304
926 453 226
927 262 58
928 244 52
929 25 289
930 135 25
931 425 221
932 295 365
933 445 356
934 266 463
935 151 327
936 376 470
937 285 137
938 412 292
939 421 108
940 421 350
941 50 352
942 315 220
943 435 30
944 143 191
945 365 314
946 324 78
947 123 351
948 30 75
949 442 347
950 437 378
951 233 150
952 378 207
953 161 75
954 362 125
955 76 379
956 390 149
957 490 159
958 255 130
959 451 419
960 260 473
961 188 392
962 102 189
963 257 108
964 243 393
965 481 132
966 75 113
967 419 166
968 435 298
969 367 279
970 201 169
971 116 289
972 356 48
973 35 320
974 231 210
975 139 357
976 120 436
977 154 231
978 27 213
979 279 138
980 386 56
981 203 431
982 381 243
983 47 46
984 31 146
985 491 390
986 260 59
987 478 78
988 88 218
989 245 231
990 173 9
991 185 453
992 123 302
993 167 262
994 425 23
995 201 399
996 247 389
997 302 334
998 28 350
999 354 359
