49
44
40
47
41
46
45
47
47
43
40
43
48
45
43
42
42
40
41
48
49
43
40
48
44
50
50
42
45
48
45
44
45
42
49
46
43
45
45
50
42
49
50
45
50
46
44
40
45
50
46
45
49
40
41
49
43
47
42
46
43
44
42
49
47
50
47
41
45
47
45
43
45
49
50
47
48
46
48
42
47
45
50
47
45
46
42
43
46
41
47
48
49
47
42
42
46
49
46
42
40
43
47
41
48
44
43
46
45
41
46
45
43
41
40
49
50
48
46
48
44
43
47
49
45
41
44
40
47
42
44
44
46
44
44
42
40
49
40
43
48
48
40
48
43
47
48
43
45
45
43
49
41
41
42
43
45
41
46
43
45
48
43
41
48
44
48
49
41
48
40
46
41
45
43
41
41
44
46
40
41
42
47
41
42
44
42
43
45
45
43
50
42
49
48
40
41
47
42
49
42
46
48
44
43
47
49
42
49
50
42
44
45
40
46
50
45
42
43
43
46
45
42
40
45
46
42
41
43
41
50
47
40
46
44
47
49
46
40
49
42
48
41
44
47
40
42
44
49
42
50
46
47
49
40
43
49
45
41
47
44
49
41
45
40
50
43
47
48
50
49
48
47
46
45
40
43
42
47
48
49
44
49
47
42
47
49
50
49
50
42
42
49
46
44
42
48
43
46
50
42
46
42
50
47
40
41
47
48
48
43
46
46
44
49
49
46
48
40
43
45
48
42
46
44
43
40
46
50
45
42
47
46
48
40
41
46
48
43
47
49
48
43
42
48
43
42
40
45
49
43
49
49
41
49
41
42
43
50
49
44
46
49
45
42
48
44
49
40
40
47
46
40
48
49
48
47
50
40
47
50
43
47
41
48
40
46
49
50
49
44
47
49
49
48
45
50
44
40
48
47
46
47
48
50
43
45
49
40
48
43
44
41
48
47
41
40
45
50
47
46
50
47
46
48
47
50
45
49
47
47
43
47
40
49
47
43
45
40
45
41
43
44
48
49
49
42
49
46
42
42
45
43
47
45
45
48
49
42
44
41
44
41
45
48
48
49
49
40
44
40
43
43
40
48
48
45
41
47
44
45
40
41
48
40
50
42
40
44
41
47
42
49
47
48
44
50
46
44
50
17
18
10
16
17
15
19
15
15
11
10
11
18
13
16
10
10
15
11
11
19
10
19
19
14
17
17
14
12
15
10
20
11
19
15
14
13
17
11
19
13
15
16
18
12
12
16
19
17
12
20
12
18
19
13
16
11
20
16
10
16
18
18
20
17
19
19
18
18
19
17
20
11
11
16
13
11
14
10
10
20
11
13
20
17
20
20
17
16
12
17
20
11
13
18
13
17
14
17
15
12
18
10
19
20
18
17
10
11
11
17
12
12
13
20
15
12
17
17
11
11
10
20
14
17
14
17
19
16
15
19
18
16
14
11
11
18
13
12
15
11
18
15
12
18
18
11
13
15
11
17
13
18
12
11
16
18
12
12
19
12
15
16
19
18
16
10
19
14
17
10
11
15
18
15
17
18
11
11
11
19
13
19
20
18
19
19
10
10
18
14
18
14
14
14
14
19
16
10
18
14
11
10
13
16
10
10
19
19
16
11
18
14
12
19
14
11
15
16
14
11
19
14
14
14
15
12
17
12
18
19
12
13
19
12
15
17
16
16
10
16
16
14
20
20
12
12
19
16
16
19
10
18
20
19
15
20
13
10
14
12
10
11
16
10
19
11
17
13
11
11
12
19
15
18
10
20
13
18
16
13
20
16
16
10
19
12
15
14
19
15
17
17
11
10
14
11
16
19
13
14
11
11
12
18
18
15
13
13
17
18
16
17
11
15
17
20
17
18
14
20
17
19
10
12
17
18
18
14
10
16
15
16
17
20
13
18
12
20
10
17
15
16
18
11
18
17
16
16
14
14
20
14
13
17
18
12
10
10
13
20
17
10
11
14
19
14
19
14
12
18
16
18
15
16
20
15
12
11
13
20
14
20
20
16
16
18
12
17
12
16
12
20
18
19
12
11
15
11
12
13
10
13
12
19
10
17
20
10
10
14
16
16
18
19
10
19
16
10
11
10
20
13
10
11
14
11
11
18
11
10
15
20
16
11
20
13
14
14
12
17
15
16
10
15
11
16
20
14
11
16
13
20
13
18
19
12
10
17
11
10
16
13
16
10
15
20
16
20
15
16
19
13
16
17
19
10
19
18
13
17
18
11
17
16
14
15
11
17
17
12
15
11
19
18
11
16
16
10
19
