1008
1061
1270
1403
1154
1356
1137
1013
1123
1238
1137
1419
1392
1142
1472
1417
1286
1058
1499
1037
1275
1145
1193
1292
1394
1496
1235
1481
1310
1263
1452
1357
1141
1225
1312
1455
1088
1461
1099
1309
1179
1357
1239
1024
1070
1447
1349
1150
1154
1254
1226
1183
1138
1222
1041
1482
1296
1492
1111
1169
1209
1491
1179
1271
1314
1353
1439
1357
1289
1285
1378
1304
1159
1300
1177
1380
1467
1165
1225
1298
1313
1194
1301
1305
1242
1318
1040
1190
1090
1190
1289
1179
1104
1378
1427
1228
1138
1154
1205
1285
1006
1074
1479
1126
1199
1203
1034
1399
1304
1374
1265
1330
1458
1118
1169
1332
1325
1490
1283
1020
1366
1300
1084
1235
1417
1313
1177
1357
1278
1003
1037
1262
1459
1104
1383
1036
1358
1165
1352
1355
1445
1151
1284
1318
1416
1308
1230
1407
1287
1221
1123
1450
1485
1450
1127
1092
1434
1280
1303
1335
1070
1463
1213
1100
1015
1275
1162
1479
1349
1237
1158
1200
1173
1310
1448
1333
1023
1326
1010
1199
1227
1477
1242
1244
1106
1082
1444
1334
1297
1184
1171
1219
1393
1219
1000
1366
1347
1199
1404
1308
1194
1051
1123
1432
1077
1035
1178
1235
1398
1010
1145
1188
1366
1141
1329
1031
1344
1437
1254
1194
1108
1247
1004
1440
1199
1042
1096
1204
1232
1160
1212
1257
1094
1071
1202
1046
1149
1160
1376
1330
1237
1242
1074
1277
1422
1485
1324
1490
1333
1228
1004
1208
1479
1186
1009
1355
1130
1138
1491
1443
1038
1155
1310
1248
1041
1016
1255
1039
1004
1426
1036
1186
1327
1425
1270
1497
1077
1310
1239
1345
1480
1227
1089
1219
1313
1339
1358
1141
1275
1098
1411
1476
1084
1147
1208
1371
1469
1494
1384
1220
1410
1338
1347
1485
1305
1482
1026
1072
1492
1148
1430
1081
1072
1131
1396
1284
1424
1417
1494
1454
1038
1148
1114
1396
1453
1358
1253
1443
1248
1494
1159
1363
1489
1412
1131
1002
1021
1133
1494
1110
1198
1020
1254
1276
1318
1092
1367
1151
1266
1412
1187
1144
1237
1458
1416
1433
1267
1386
1443
1412
1057
1362
1183
1442
1226
1037
1348
1181
1427
1379
1207
1356
1086
1330
1042
1427
1132
1189
1001
1459
1131
1004
1490
1370
1201
1485
1234
1376
1181
1067
1351
1360
1060
1330
1041
1217
1432
1063
1409
1209
1237
1322
1165
1173
1316
1082
1196
1303
1254
1002
1126
1212
1342
1034
1282
1440
1393
1025
1296
1481
1064
1214
1296
1264
1265
1463
1128
1426
1140
1500
1000
1105
1467
1116
1350
1376
1248
1061
1091
1465
1450
1343
1342
1019
1404
1394
1466
1272
1025
1196
1337
1053
1003
1263
1133
1245
1339
1096
1386
1127
1079
1221
1423
1340
1474
1391
1385
1053
1313
1259
1271
1064
1131
1437
1422
1354
1185
1413
1391
1339
1478
1394
1350
1474
1081
1225
1017
1118
1302
1084
1319
1292
1096
1277
1429
1469
1326
1467
1264
1465
106
144
132
139
126
141
106
112
113
132
102
136
101
123
119
146
144
149
126
148
116
146
136
111
110
109
118
118
138
148
118
117
105
107
143
140
100
136
141
111
117
130
119
127
113
113
127
144
101
133
110
117
143
143
105
137
118
105
149
118
112
135
105
116
140
107
101
117
113
101
112
141
126
108
114
129
103
100
119
113
149
131
121
124
143
145
144
112
145
100
146
119
146
130
123
147
111
101
113
125
137
109
106
147
144
122
143
116
130
144
145
143
120
119
100
114
115
139
109
109
129
143
108
132
129
121
137
135
111
112
111
141
111
128
140
126
133
115
104
122
135
135
120
148
121
100
140
142
120
117
138
110
146
100
104
109
109
113
123
107
146
116
113
106
125
115
147
136
111
116
111
119
133
123
132
150
137
118
132
130
132
119
131
114
113
122
127
136
113
127
104
139
111
112
136
112
133
117
125
114
118
100
136
108
148
144
117
125
127
114
101
104
103
141
117
129
141
137
105
110
125
115
135
139
103
108
126
145
125
115
111
132
145
146
101
111
124
123
133
132
142
127
114
139
117
101
147
119
140
110
101
101
117
117
125
145
132
139
121
145
103
142
147
139
138
145
121
125
107
137
104
104
116
105
105
137
124
125
150
116
125
120
123
121
149
127
150
143
122
126
143
112
112
116
118
115
120
137
149
106
111
140
102
111
104
124
122
103
117
143
139
116
145
102
139
118
102
139
106
103
147
117
111
134
144
149
136
127
142
139
114
113
118
104
149
135
104
103
135
105
107
111
127
116
148
145
106
128
104
103
123
147
101
145
109
132
103
143
104
114
105
135
134
144
122
141
133
134
136
114
136
111
101
138
127
146
118
139
114
110
124
108
132
107
140
147
106
124
147
102
102
116
130
145
150
119
122
106
122
114
118
127
146
118
114
144
141
124
107
127
134
109
111
133
134
111
142
141
138
133
121
137
118
142
107
106
135
111
140
119
133
118
132
124
150
133
121
126
144
109
146
139
139
117
114
106
106
115
146
137
110
141
104
138
132
109
127
101
124
105
131
102
132
115
129
130
123
100
135
119
103
105
130
121
136
105
113
121
106
135
127
112
116
148
129
112
100
134
103
126
144
141
110
132
109
115
140
102
122
122
